X,Y,Tangent X,Tangent Y,Fixed Theta,Name
1.3720444382724624,-2.3879033467573945,2.2475878350229133,0.33015414525760267,true,
3.0355134009165394,-2.1212403832801,0.8945860811419835,-0.13785792291315296,false,
4.076768782113595,-2.5021874739619494,0.34502995660615543,-0.391961404011394,false,
4.330733509234828,-2.9466257464241075,0.04294587876291678,-0.3245733757207263,false,
4.165656436606026,-3.479951673378697,-0.23810929351190405,-0.19700793949388343,false,
3.632330509651437,-3.556141091515067,-0.29466897930733876,0.12246168530362658,false,
3.327572837105957,-3.0228151645604777,0.009638530654100103,0.3630880489341067,false,
3.822804054992362,-2.489489237605888,0.4997414260675458,0.31763215256494504,false,
4.95294709068185,-2.337110401333148,0.927131046382757,0.19734006650795247,false,
6.578321344257742,-1.7910862380224968,0.5204066095221522,0.5311105973546439,false,
6.895777253159283,-1.3720444382724624,0.11298776512470124,0.3671119651398037,false,
6.032297180947091,-1.0291920566587973,-0.42917080109447064,-0.14632604188916276,false,
5.562462435772809,-1.4482338564088322,-0.04756932984898676,-0.28663076244218866,false,
5.587858908484932,-1.7402932925982502,0.05079294542424684,-0.16507707262880156,true,
6.197374253575892,-2.8704363282877376,0.5058895486609808,-0.4731128919141715,false,
6.933871962227468,-3.3148746007498953,0.4722205066764681,-0.19221577589012942,false,
7.594180252742674,-3.492649909734759,0.43779454269751616,0.07158173402755685,false,
8.216393834189695,-2.972022219136231,0.03426195003321708,0.38845874092479465,false,
7.937032634356339,-2.3879033467573945,-0.325839226930978,0.2682886168599035,false,
7.149741980280516,-2.2990156922649634,-0.6637585119166107,0.05069882935174601,false,
5.9434095264546585,-2.27361921955284,-1.021253616083644,0.0971580160456812,false,
4.102165254825719,-1.8799738925149285,-1.5429617863768814,0.20446588838865665,false,
1.295855020136092,-1.8418791834467434,-1.0920483266213026,0.05079294542424728,true,
